Temp,kTST
200.000,2.777517e-17
201.000,2.908882e-17
202.000,3.045166e-17
203.000,3.186502e-17
204.000,3.333023e-17
205.000,3.484865e-17
206.000,3.642166e-17
207.000,3.805066e-17
208.000,3.973706e-17
209.000,4.148229e-17
210.000,4.328781e-17
211.000,4.515509e-17
212.000,4.708562e-17
213.000,4.908090e-17
214.000,5.114247e-17
215.000,5.327186e-17
216.000,5.547065e-17
217.000,5.774041e-17
218.000,6.008274e-17
219.000,6.249926e-17
220.000,6.499160e-17
221.000,6.756142e-17
222.000,7.021038e-17
223.000,7.294018e-17
224.000,7.575251e-17
225.000,7.864910e-17
226.000,8.163168e-17
227.000,8.470202e-17
228.000,8.786188e-17
229.000,9.111305e-17
230.000,9.445733e-17
231.000,9.789655e-17
232.000,1.014325e-16
233.000,1.050672e-16
234.000,1.088023e-16
235.000,1.126398e-16
236.000,1.165815e-16
237.000,1.206295e-16
238.000,1.247856e-16
239.000,1.290517e-16
240.000,1.334299e-16
241.000,1.379221e-16
242.000,1.425303e-16
243.000,1.472565e-16
244.000,1.521027e-16
245.000,1.570709e-16
246.000,1.621632e-16
247.000,1.673817e-16
248.000,1.727284e-16
249.000,1.782055e-16
250.000,1.838149e-16
251.000,1.895589e-16
252.000,1.954395e-16
253.000,2.014589e-16
254.000,2.076193e-16
255.000,2.139228e-16
256.000,2.203715e-16
257.000,2.269678e-16
258.000,2.337137e-16
259.000,2.406115e-16
260.000,2.476634e-16
261.000,2.548717e-16
262.000,2.622386e-16
263.000,2.697663e-16
264.000,2.774572e-16
265.000,2.853135e-16
266.000,2.933375e-16
267.000,3.015315e-16
268.000,3.098978e-16
269.000,3.184388e-16
270.000,3.271567e-16
271.000,3.360539e-16
272.000,3.451328e-16
273.000,3.543958e-16
274.000,3.638452e-16
275.000,3.734833e-16
276.000,3.833126e-16
277.000,3.933356e-16
278.000,4.035545e-16
279.000,4.139718e-16
280.000,4.245899e-16
281.000,4.354114e-16
282.000,4.464385e-16
283.000,4.576738e-16
284.000,4.691197e-16
285.000,4.807788e-16
286.000,4.926534e-16
287.000,5.047460e-16
288.000,5.170592e-16
289.000,5.295955e-16
290.000,5.423573e-16
291.000,5.553471e-16
292.000,5.685676e-16
293.000,5.820211e-16
294.000,5.957103e-16
295.000,6.096377e-16
296.000,6.238059e-16
297.000,6.382173e-16
298.000,6.528745e-16
299.000,6.677802e-16
300.000,6.829368e-16
301.000,6.983471e-16
302.000,7.140134e-16
303.000,7.299385e-16
304.000,7.461249e-16
305.000,7.625753e-16
306.000,7.792921e-16
307.000,7.962781e-16
308.000,8.135359e-16
309.000,8.310681e-16
310.000,8.488772e-16
311.000,8.669660e-16
312.000,8.853371e-16
313.000,9.039930e-16
314.000,9.229365e-16
315.000,9.421702e-16
316.000,9.616968e-16
317.000,9.815188e-16
318.000,1.001639e-15
319.000,1.022060e-15
320.000,1.042785e-15
321.000,1.063815e-15
322.000,1.085155e-15
323.000,1.106806e-15
324.000,1.128771e-15
325.000,1.151053e-15
326.000,1.173655e-15
327.000,1.196579e-15
328.000,1.219828e-15
329.000,1.243405e-15
330.000,1.267312e-15
331.000,1.291552e-15
332.000,1.316127e-15
333.000,1.341042e-15
334.000,1.366297e-15
335.000,1.391896e-15
336.000,1.417842e-15
337.000,1.444137e-15
338.000,1.470785e-15
339.000,1.497787e-15
340.000,1.525146e-15
341.000,1.552866e-15
342.000,1.580949e-15
343.000,1.609397e-15
344.000,1.638214e-15
345.000,1.667402e-15
346.000,1.696963e-15
347.000,1.726902e-15
348.000,1.757219e-15
349.000,1.787919e-15
350.000,1.819004e-15
351.000,1.850476e-15
352.000,1.882338e-15
353.000,1.914593e-15
354.000,1.947244e-15
355.000,1.980294e-15
356.000,2.013745e-15
357.000,2.047600e-15
358.000,2.081862e-15
359.000,2.116533e-15
360.000,2.151616e-15
361.000,2.187115e-15
362.000,2.223031e-15
363.000,2.259368e-15
364.000,2.296128e-15
365.000,2.333314e-15
366.000,2.370928e-15
367.000,2.408974e-15
368.000,2.447455e-15
369.000,2.486372e-15
370.000,2.525729e-15
371.000,2.565529e-15
372.000,2.605774e-15
373.000,2.646467e-15
374.000,2.687610e-15
375.000,2.729208e-15
376.000,2.771261e-15
377.000,2.813773e-15
378.000,2.856747e-15
379.000,2.900186e-15
380.000,2.944092e-15
381.000,2.988467e-15
382.000,3.033316e-15
383.000,3.078640e-15
384.000,3.124442e-15
385.000,3.170725e-15
386.000,3.217492e-15
387.000,3.264746e-15
388.000,3.312488e-15
389.000,3.360723e-15
390.000,3.409452e-15
391.000,3.458678e-15
392.000,3.508405e-15
393.000,3.558635e-15
394.000,3.609370e-15
395.000,3.660614e-15
396.000,3.712368e-15
397.000,3.764637e-15
398.000,3.817422e-15
399.000,3.870727e-15
400.000,3.924553e-15
401.000,3.978905e-15
402.000,4.033783e-15
403.000,4.089192e-15
404.000,4.145134e-15
405.000,4.201612e-15
406.000,4.258628e-15
407.000,4.316185e-15
408.000,4.374286e-15
409.000,4.432934e-15
410.000,4.492130e-15
411.000,4.551879e-15
412.000,4.612183e-15
413.000,4.673044e-15
414.000,4.734465e-15
415.000,4.796449e-15
416.000,4.858998e-15
417.000,4.922116e-15
418.000,4.985804e-15
419.000,5.050067e-15
420.000,5.114905e-15
421.000,5.180323e-15
422.000,5.246322e-15
423.000,5.312906e-15
424.000,5.380077e-15
425.000,5.447838e-15
426.000,5.516191e-15
427.000,5.585140e-15
428.000,5.654686e-15
429.000,5.724833e-15
430.000,5.795583e-15
431.000,5.866940e-15
432.000,5.938905e-15
433.000,6.011481e-15
434.000,6.084671e-15
435.000,6.158478e-15
436.000,6.232904e-15
437.000,6.307952e-15
438.000,6.383624e-15
439.000,6.459924e-15
440.000,6.536854e-15
441.000,6.614417e-15
442.000,6.692615e-15
443.000,6.771450e-15
444.000,6.850927e-15
445.000,6.931047e-15
446.000,7.011812e-15
447.000,7.093226e-15
448.000,7.175291e-15
449.000,7.258011e-15
450.000,7.341386e-15
451.000,7.425421e-15
452.000,7.510117e-15
453.000,7.595478e-15
454.000,7.681506e-15
455.000,7.768203e-15
456.000,7.855573e-15
457.000,7.943618e-15
458.000,8.032340e-15
459.000,8.121742e-15
460.000,8.211827e-15
461.000,8.302597e-15
462.000,8.394056e-15
463.000,8.486205e-15
464.000,8.579047e-15
465.000,8.672585e-15
466.000,8.766821e-15
467.000,8.861758e-15
468.000,8.957399e-15
469.000,9.053746e-15
470.000,9.150802e-15
471.000,9.248569e-15
472.000,9.347050e-15
473.000,9.446248e-15
474.000,9.546165e-15
475.000,9.646804e-15
476.000,9.748166e-15
477.000,9.850256e-15
478.000,9.953075e-15
479.000,1.005663e-14
480.000,1.016091e-14
481.000,1.026594e-14
482.000,1.037170e-14
483.000,1.047820e-14
484.000,1.058545e-14
485.000,1.069345e-14
486.000,1.080220e-14
487.000,1.091170e-14
488.000,1.102195e-14
489.000,1.113296e-14
490.000,1.124474e-14
491.000,1.135727e-14
492.000,1.147057e-14
493.000,1.158464e-14
494.000,1.169948e-14
495.000,1.181509e-14
496.000,1.193147e-14
497.000,1.204864e-14
498.000,1.216658e-14
499.000,1.228531e-14
500.000,1.240482e-14
501.000,1.252513e-14
502.000,1.264622e-14
503.000,1.276810e-14
504.000,1.289078e-14
505.000,1.301426e-14
506.000,1.313854e-14
507.000,1.326362e-14
508.000,1.338951e-14
509.000,1.351620e-14
510.000,1.364371e-14
511.000,1.377202e-14
512.000,1.390116e-14
513.000,1.403111e-14
514.000,1.416188e-14
515.000,1.429348e-14
516.000,1.442590e-14
517.000,1.455915e-14
518.000,1.469322e-14
519.000,1.482814e-14
520.000,1.496388e-14
521.000,1.510047e-14
522.000,1.523789e-14
523.000,1.537616e-14
524.000,1.551527e-14
525.000,1.565523e-14
526.000,1.579604e-14
527.000,1.593770e-14
528.000,1.608022e-14
529.000,1.622359e-14
530.000,1.636783e-14
531.000,1.651292e-14
532.000,1.665889e-14
533.000,1.680571e-14
534.000,1.695341e-14
535.000,1.710198e-14
536.000,1.725143e-14
537.000,1.740175e-14
538.000,1.755295e-14
539.000,1.770503e-14
540.000,1.785800e-14
541.000,1.801185e-14
542.000,1.816659e-14
543.000,1.832222e-14
544.000,1.847875e-14
545.000,1.863617e-14
546.000,1.879449e-14
547.000,1.895371e-14
548.000,1.911384e-14
549.000,1.927487e-14
550.000,1.943681e-14
551.000,1.959966e-14
552.000,1.976342e-14
553.000,1.992810e-14
554.000,2.009370e-14
555.000,2.026021e-14
556.000,2.042765e-14
557.000,2.059601e-14
558.000,2.076530e-14
559.000,2.093552e-14
560.000,2.110667e-14
561.000,2.127876e-14
562.000,2.145178e-14
563.000,2.162574e-14
564.000,2.180064e-14
565.000,2.197649e-14
566.000,2.215328e-14
567.000,2.233102e-14
568.000,2.250971e-14
569.000,2.268935e-14
570.000,2.286995e-14
571.000,2.305151e-14
572.000,2.323403e-14
573.000,2.341751e-14
574.000,2.360195e-14
575.000,2.378736e-14
576.000,2.397374e-14
577.000,2.416109e-14
578.000,2.434942e-14
579.000,2.453872e-14
580.000,2.472901e-14
581.000,2.492027e-14
582.000,2.511251e-14
583.000,2.530574e-14
584.000,2.549996e-14
585.000,2.569517e-14
586.000,2.589138e-14
587.000,2.608857e-14
588.000,2.628677e-14
589.000,2.648596e-14
590.000,2.668615e-14
591.000,2.688735e-14
592.000,2.708956e-14
593.000,2.729277e-14
594.000,2.749700e-14
595.000,2.770223e-14
596.000,2.790849e-14
597.000,2.811576e-14
598.000,2.832405e-14
599.000,2.853336e-14
600.000,2.874370e-14
601.000,2.895506e-14
602.000,2.916746e-14
603.000,2.938088e-14
604.000,2.959534e-14
605.000,2.981083e-14
606.000,3.002737e-14
607.000,3.024494e-14
608.000,3.046355e-14
609.000,3.068321e-14
610.000,3.090392e-14
611.000,3.112568e-14
612.000,3.134848e-14
613.000,3.157234e-14
614.000,3.179726e-14
615.000,3.202324e-14
616.000,3.225027e-14
617.000,3.247837e-14
618.000,3.270754e-14
619.000,3.293777e-14
620.000,3.316907e-14
621.000,3.340144e-14
622.000,3.363489e-14
623.000,3.386941e-14
624.000,3.410501e-14
625.000,3.434169e-14
626.000,3.457945e-14
627.000,3.481830e-14
628.000,3.505823e-14
629.000,3.529926e-14
630.000,3.554137e-14
631.000,3.578458e-14
632.000,3.602889e-14
633.000,3.627429e-14
634.000,3.652080e-14
635.000,3.676840e-14
636.000,3.701711e-14
637.000,3.726693e-14
638.000,3.751786e-14
639.000,3.776989e-14
640.000,3.802305e-14
641.000,3.827731e-14
642.000,3.853270e-14
643.000,3.878920e-14
644.000,3.904683e-14
645.000,3.930558e-14
646.000,3.956545e-14
647.000,3.982646e-14
648.000,4.008860e-14
649.000,4.035187e-14
650.000,4.061627e-14
651.000,4.088181e-14
652.000,4.114849e-14
653.000,4.141631e-14
654.000,4.168528e-14
655.000,4.195539e-14
656.000,4.222665e-14
657.000,4.249906e-14
658.000,4.277262e-14
659.000,4.304734e-14
660.000,4.332321e-14
661.000,4.360024e-14
662.000,4.387843e-14
663.000,4.415778e-14
664.000,4.443830e-14
665.000,4.471999e-14
666.000,4.500285e-14
667.000,4.528687e-14
668.000,4.557207e-14
669.000,4.585845e-14
670.000,4.614600e-14
671.000,4.643474e-14
672.000,4.672465e-14
673.000,4.701575e-14
674.000,4.730804e-14
675.000,4.760151e-14
676.000,4.789617e-14
677.000,4.819203e-14
678.000,4.848908e-14
679.000,4.878733e-14
680.000,4.908678e-14
681.000,4.938742e-14
682.000,4.968927e-14
683.000,4.999233e-14
684.000,5.029659e-14
685.000,5.060206e-14
686.000,5.090874e-14
687.000,5.121664e-14
688.000,5.152575e-14
689.000,5.183608e-14
690.000,5.214763e-14
691.000,5.246040e-14
692.000,5.277439e-14
693.000,5.308961e-14
694.000,5.340606e-14
695.000,5.372373e-14
696.000,5.404264e-14
697.000,5.436278e-14
698.000,5.468416e-14
699.000,5.500678e-14
700.000,5.533064e-14
701.000,5.565573e-14
702.000,5.598208e-14
703.000,5.630967e-14
704.000,5.663851e-14
705.000,5.696859e-14
706.000,5.729993e-14
707.000,5.763253e-14
708.000,5.796638e-14
709.000,5.830149e-14
710.000,5.863786e-14
711.000,5.897550e-14
712.000,5.931439e-14
713.000,5.965456e-14
714.000,5.999599e-14
715.000,6.033870e-14
716.000,6.068267e-14
717.000,6.102792e-14
718.000,6.137445e-14
719.000,6.172226e-14
720.000,6.207135e-14
721.000,6.242172e-14
722.000,6.277337e-14
723.000,6.312632e-14
724.000,6.348055e-14
725.000,6.383607e-14
726.000,6.419288e-14
727.000,6.455099e-14
728.000,6.491040e-14
729.000,6.527110e-14
730.000,6.563311e-14
731.000,6.599642e-14
732.000,6.636103e-14
733.000,6.672695e-14
734.000,6.709418e-14
735.000,6.746272e-14
736.000,6.783258e-14
737.000,6.820375e-14
738.000,6.857623e-14
739.000,6.895003e-14
740.000,6.932516e-14
741.000,6.970160e-14
742.000,7.007937e-14
743.000,7.045847e-14
744.000,7.083890e-14
745.000,7.122066e-14
746.000,7.160375e-14
747.000,7.198817e-14
748.000,7.237393e-14
749.000,7.276103e-14
750.000,7.314947e-14
751.000,7.353925e-14
752.000,7.393038e-14
753.000,7.432285e-14
754.000,7.471667e-14
755.000,7.511184e-14
756.000,7.550836e-14
757.000,7.590624e-14
758.000,7.630547e-14
759.000,7.670606e-14
760.000,7.710801e-14
761.000,7.751133e-14
762.000,7.791600e-14
763.000,7.832204e-14
764.000,7.872945e-14
765.000,7.913823e-14
766.000,7.954838e-14
767.000,7.995991e-14
768.000,8.037281e-14
769.000,8.078708e-14
770.000,8.120274e-14
771.000,8.161978e-14
772.000,8.203820e-14
773.000,8.245800e-14
774.000,8.287919e-14
775.000,8.330177e-14
776.000,8.372574e-14
777.000,8.415111e-14
778.000,8.457787e-14
779.000,8.500602e-14
780.000,8.543557e-14
781.000,8.586653e-14
782.000,8.629888e-14
783.000,8.673264e-14
784.000,8.716781e-14
785.000,8.760438e-14
786.000,8.804237e-14
787.000,8.848176e-14
788.000,8.892257e-14
789.000,8.936480e-14
790.000,8.980844e-14
791.000,9.025350e-14
792.000,9.069998e-14
793.000,9.114789e-14
794.000,9.159721e-14
795.000,9.204797e-14
796.000,9.250016e-14
797.000,9.295377e-14
798.000,9.340882e-14
799.000,9.386530e-14
800.000,9.432322e-14
