Temp,kVTST
200.000,1.546170e-17
201.000,1.608633e-17
202.000,1.672980e-17
203.000,1.739248e-17
204.000,1.807472e-17
205.000,1.877686e-17
206.000,1.949927e-17
207.000,2.024230e-17
208.000,2.100632e-17
209.000,2.179167e-17
210.000,2.259873e-17
211.000,2.342785e-17
212.000,2.427940e-17
213.000,2.515373e-17
214.000,2.605121e-17
215.000,2.697221e-17
216.000,2.791708e-17
217.000,2.888619e-17
218.000,2.987991e-17
219.000,3.089861e-17
220.000,3.194264e-17
221.000,3.301237e-17
222.000,3.410816e-17
223.000,3.523039e-17
224.000,3.637942e-17
225.000,3.755562e-17
226.000,3.875934e-17
227.000,3.999095e-17
228.000,4.125082e-17
229.000,4.253931e-17
230.000,4.385679e-17
231.000,4.520361e-17
232.000,4.658015e-17
233.000,4.798676e-17
234.000,4.942381e-17
235.000,5.089165e-17
236.000,5.239065e-17
237.000,5.392117e-17
238.000,5.548356e-17
239.000,5.707819e-17
240.000,5.870540e-17
241.000,6.036556e-17
242.000,6.205903e-17
243.000,6.378615e-17
244.000,6.554727e-17
245.000,6.734276e-17
246.000,6.917296e-17
247.000,7.103822e-17
248.000,7.293889e-17
249.000,7.487532e-17
250.000,7.684785e-17
251.000,7.885683e-17
252.000,8.090260e-17
253.000,8.298550e-17
254.000,8.510588e-17
255.000,8.726407e-17
256.000,8.946041e-17
257.000,9.169524e-17
258.000,9.396889e-17
259.000,9.628170e-17
260.000,9.863399e-17
261.000,1.010261e-16
262.000,1.034584e-16
263.000,1.059311e-16
264.000,1.084446e-16
265.000,1.109992e-16
266.000,1.135953e-16
267.000,1.162332e-16
268.000,1.189131e-16
269.000,1.216354e-16
270.000,1.244005e-16
271.000,1.272086e-16
272.000,1.300600e-16
273.000,1.329550e-16
274.000,1.358940e-16
275.000,1.388773e-16
276.000,1.419051e-16
277.000,1.449778e-16
278.000,1.480956e-16
279.000,1.512590e-16
280.000,1.544680e-16
281.000,1.577232e-16
282.000,1.610246e-16
283.000,1.643728e-16
284.000,1.677678e-16
285.000,1.712101e-16
286.000,1.746998e-16
287.000,1.782373e-16
288.000,1.818229e-16
289.000,1.854569e-16
290.000,1.891394e-16
291.000,1.928708e-16
292.000,1.966514e-16
293.000,2.004815e-16
294.000,2.043612e-16
295.000,2.082909e-16
296.000,2.122708e-16
297.000,2.163013e-16
298.000,2.203825e-16
299.000,2.245147e-16
300.000,2.286982e-16
301.000,2.329332e-16
302.000,2.372199e-16
303.000,2.415588e-16
304.000,2.459499e-16
305.000,2.503935e-16
306.000,2.548899e-16
307.000,2.594393e-16
308.000,2.640419e-16
309.000,2.686981e-16
310.000,2.734079e-16
311.000,2.781718e-16
312.000,2.829898e-16
313.000,2.878623e-16
314.000,2.927894e-16
315.000,2.977713e-16
316.000,3.028084e-16
317.000,3.079009e-16
318.000,3.130488e-16
319.000,3.182526e-16
320.000,3.235123e-16
321.000,3.288282e-16
322.000,3.342005e-16
323.000,3.396294e-16
324.000,3.451152e-16
325.000,3.506580e-16
326.000,3.562581e-16
327.000,3.619156e-16
328.000,3.676307e-16
329.000,3.734037e-16
330.000,3.792347e-16
331.000,3.851239e-16
332.000,3.910716e-16
333.000,3.970779e-16
334.000,4.031431e-16
335.000,4.092672e-16
336.000,4.154505e-16
337.000,4.216931e-16
338.000,4.279954e-16
339.000,4.343573e-16
340.000,4.407792e-16
341.000,4.472611e-16
342.000,4.538033e-16
343.000,4.604059e-16
344.000,4.670692e-16
345.000,4.737932e-16
346.000,4.805782e-16
347.000,4.874242e-16
348.000,4.943316e-16
349.000,5.013003e-16
350.000,5.083307e-16
351.000,5.154228e-16
352.000,5.225769e-16
353.000,5.297930e-16
354.000,5.370713e-16
355.000,5.444120e-16
356.000,5.518152e-16
357.000,5.592811e-16
358.000,5.668098e-16
359.000,5.744015e-16
360.000,5.820563e-16
361.000,5.897743e-16
362.000,5.975557e-16
363.000,6.054007e-16
364.000,6.133093e-16
365.000,6.212817e-16
366.000,6.293181e-16
367.000,6.374185e-16
368.000,6.455832e-16
369.000,6.538121e-16
370.000,6.621055e-16
371.000,6.704635e-16
372.000,6.788863e-16
373.000,6.873738e-16
374.000,6.959263e-16
375.000,7.045439e-16
376.000,7.132266e-16
377.000,7.219747e-16
378.000,7.307882e-16
379.000,7.396672e-16
380.000,7.486119e-16
381.000,7.576224e-16
382.000,7.666987e-16
383.000,7.758410e-16
384.000,7.850494e-16
385.000,7.943240e-16
386.000,8.036649e-16
387.000,8.130722e-16
388.000,8.225461e-16
389.000,8.320865e-16
390.000,8.416936e-16
391.000,8.513675e-16
392.000,8.611083e-16
393.000,8.709162e-16
394.000,8.807911e-16
395.000,8.907332e-16
396.000,9.007425e-16
397.000,9.108192e-16
398.000,9.209634e-16
399.000,9.311751e-16
400.000,9.414545e-16
401.000,9.518015e-16
402.000,9.622163e-16
403.000,9.726991e-16
404.000,9.832497e-16
405.000,9.938684e-16
406.000,1.004555e-15
407.000,1.015310e-15
408.000,1.026134e-15
409.000,1.037025e-15
410.000,1.047985e-15
411.000,1.059014e-15
412.000,1.070111e-15
413.000,1.081277e-15
414.000,1.092511e-15
415.000,1.103814e-15
416.000,1.115186e-15
417.000,1.126627e-15
418.000,1.138137e-15
419.000,1.149716e-15
420.000,1.161364e-15
421.000,1.173081e-15
422.000,1.184868e-15
423.000,1.196723e-15
424.000,1.208649e-15
425.000,1.220643e-15
426.000,1.232707e-15
427.000,1.244840e-15
428.000,1.257043e-15
429.000,1.269316e-15
430.000,1.281658e-15
431.000,1.294070e-15
432.000,1.306552e-15
433.000,1.319104e-15
434.000,1.331725e-15
435.000,1.344417e-15
436.000,1.357178e-15
437.000,1.370009e-15
438.000,1.382911e-15
439.000,1.395882e-15
440.000,1.408924e-15
441.000,1.422036e-15
442.000,1.435218e-15
443.000,1.448471e-15
444.000,1.461794e-15
445.000,1.475187e-15
446.000,1.488650e-15
447.000,1.502184e-15
448.000,1.515789e-15
449.000,1.529463e-15
450.000,1.543209e-15
451.000,1.557025e-15
452.000,1.570912e-15
453.000,1.584869e-15
454.000,1.598897e-15
455.000,1.612996e-15
456.000,1.627165e-15
457.000,1.641405e-15
458.000,1.655716e-15
459.000,1.670098e-15
460.000,1.684551e-15
461.000,1.699074e-15
462.000,1.713668e-15
463.000,1.728334e-15
464.000,1.743070e-15
465.000,1.757877e-15
466.000,1.772756e-15
467.000,1.787705e-15
468.000,1.802725e-15
469.000,1.817817e-15
470.000,1.832979e-15
471.000,1.848213e-15
472.000,1.863517e-15
473.000,1.878893e-15
474.000,1.894340e-15
475.000,1.909859e-15
476.000,1.925448e-15
477.000,1.941109e-15
478.000,1.956840e-15
479.000,1.972643e-15
480.000,1.988518e-15
481.000,2.004463e-15
482.000,2.020480e-15
483.000,2.036568e-15
484.000,2.052728e-15
485.000,2.068958e-15
486.000,2.085260e-15
487.000,2.101634e-15
488.000,2.118079e-15
489.000,2.134595e-15
490.000,2.151182e-15
491.000,2.167841e-15
492.000,2.184571e-15
493.000,2.201373e-15
494.000,2.218246e-15
495.000,2.235190e-15
496.000,2.252206e-15
497.000,2.269293e-15
498.000,2.286451e-15
499.000,2.303681e-15
500.000,2.320983e-15
501.000,2.338355e-15
502.000,2.355799e-15
503.000,2.373315e-15
504.000,2.390902e-15
505.000,2.408560e-15
506.000,2.426290e-15
507.000,2.444091e-15
508.000,2.461964e-15
509.000,2.479908e-15
510.000,2.497923e-15
511.000,2.516010e-15
512.000,2.534169e-15
513.000,2.552398e-15
514.000,2.570699e-15
515.000,2.589072e-15
516.000,2.607515e-15
517.000,2.626031e-15
518.000,2.644617e-15
519.000,2.663275e-15
520.000,2.682004e-15
521.000,2.700805e-15
522.000,2.719677e-15
523.000,2.738620e-15
524.000,2.757635e-15
525.000,2.776721e-15
526.000,2.795878e-15
527.000,2.815107e-15
528.000,2.834407e-15
529.000,2.853778e-15
530.000,2.873220e-15
531.000,2.892734e-15
532.000,2.912319e-15
533.000,2.931975e-15
534.000,2.951703e-15
535.000,2.971501e-15
536.000,2.991371e-15
537.000,3.011312e-15
538.000,3.031324e-15
539.000,3.051408e-15
540.000,3.071562e-15
541.000,3.091788e-15
542.000,3.112085e-15
543.000,3.132453e-15
544.000,3.152891e-15
545.000,3.173402e-15
546.000,3.193983e-15
547.000,3.214635e-15
548.000,3.235358e-15
549.000,3.256152e-15
550.000,3.277017e-15
551.000,3.297953e-15
552.000,3.318961e-15
553.000,3.340039e-15
554.000,3.361188e-15
555.000,3.382407e-15
556.000,3.403698e-15
557.000,3.425060e-15
558.000,3.446492e-15
559.000,3.467996e-15
560.000,3.489570e-15
561.000,3.511215e-15
562.000,3.532930e-15
563.000,3.554717e-15
564.000,3.576574e-15
565.000,3.598501e-15
566.000,3.620500e-15
567.000,3.642569e-15
568.000,3.664709e-15
569.000,3.686919e-15
570.000,3.709200e-15
571.000,3.731552e-15
572.000,3.753974e-15
573.000,3.776466e-15
574.000,3.799030e-15
575.000,3.821663e-15
576.000,3.844367e-15
577.000,3.867142e-15
578.000,3.889986e-15
579.000,3.912902e-15
580.000,3.935887e-15
581.000,3.958943e-15
582.000,3.982069e-15
583.000,4.005266e-15
584.000,4.028533e-15
585.000,4.051870e-15
586.000,4.075277e-15
587.000,4.098754e-15
588.000,4.122302e-15
589.000,4.145919e-15
590.000,4.169607e-15
591.000,4.193365e-15
592.000,4.217193e-15
593.000,4.241090e-15
594.000,4.265058e-15
595.000,4.289096e-15
596.000,4.313204e-15
597.000,4.337381e-15
598.000,4.361629e-15
599.000,4.385946e-15
600.000,4.410333e-15
601.000,4.434790e-15
602.000,4.459317e-15
603.000,4.483913e-15
604.000,4.508579e-15
605.000,4.533315e-15
606.000,4.558120e-15
607.000,4.582995e-15
608.000,4.607940e-15
609.000,4.632954e-15
610.000,4.658037e-15
611.000,4.683191e-15
612.000,4.708413e-15
613.000,4.733705e-15
614.000,4.759067e-15
615.000,4.784497e-15
616.000,4.809998e-15
617.000,4.835567e-15
618.000,4.861206e-15
619.000,4.886914e-15
620.000,4.912691e-15
621.000,4.938537e-15
622.000,4.964452e-15
623.000,4.990437e-15
624.000,5.016491e-15
625.000,5.042613e-15
626.000,5.068805e-15
627.000,5.095066e-15
628.000,5.121396e-15
629.000,5.147794e-15
630.000,5.174262e-15
631.000,5.200798e-15
632.000,5.227403e-15
633.000,5.254077e-15
634.000,5.280820e-15
635.000,5.307631e-15
636.000,5.334511e-15
637.000,5.361460e-15
638.000,5.388477e-15
639.000,5.415563e-15
640.000,5.442718e-15
641.000,5.469941e-15
642.000,5.497232e-15
643.000,5.524592e-15
644.000,5.552021e-15
645.000,5.579517e-15
646.000,5.607082e-15
647.000,5.634716e-15
648.000,5.662417e-15
649.000,5.690187e-15
650.000,5.718026e-15
651.000,5.745932e-15
652.000,5.773906e-15
653.000,5.801949e-15
654.000,5.830059e-15
655.000,5.858238e-15
656.000,5.886485e-15
657.000,5.914799e-15
658.000,5.943182e-15
659.000,5.971632e-15
660.000,6.000151e-15
661.000,6.028737e-15
662.000,6.057391e-15
663.000,6.086112e-15
664.000,6.114902e-15
665.000,6.143759e-15
666.000,6.172683e-15
667.000,6.201675e-15
668.000,6.230735e-15
669.000,6.259863e-15
670.000,6.289058e-15
671.000,6.318320e-15
672.000,6.347650e-15
673.000,6.377047e-15
674.000,6.406511e-15
675.000,6.436043e-15
676.000,6.465642e-15
677.000,6.495308e-15
678.000,6.525042e-15
679.000,6.554842e-15
680.000,6.584710e-15
681.000,6.614645e-15
682.000,6.644647e-15
683.000,6.674716e-15
684.000,6.704852e-15
685.000,6.735055e-15
686.000,6.765325e-15
687.000,6.795661e-15
688.000,6.826065e-15
689.000,6.856535e-15
690.000,6.887072e-15
691.000,6.917676e-15
692.000,6.948346e-15
693.000,6.979083e-15
694.000,7.009887e-15
695.000,7.040757e-15
696.000,7.071694e-15
697.000,7.102697e-15
698.000,7.133767e-15
699.000,7.164903e-15
700.000,7.196106e-15
701.000,7.227375e-15
702.000,7.258710e-15
703.000,7.290112e-15
704.000,7.321579e-15
705.000,7.353113e-15
706.000,7.384713e-15
707.000,7.416379e-15
708.000,7.448112e-15
709.000,7.479910e-15
710.000,7.511774e-15
711.000,7.543704e-15
712.000,7.575701e-15
713.000,7.607763e-15
714.000,7.639891e-15
715.000,7.672084e-15
716.000,7.704344e-15
717.000,7.736669e-15
718.000,7.769060e-15
719.000,7.801517e-15
720.000,7.834039e-15
721.000,7.866627e-15
722.000,7.899280e-15
723.000,7.931999e-15
724.000,7.964783e-15
725.000,7.997633e-15
726.000,8.030548e-15
727.000,8.063528e-15
728.000,8.096574e-15
729.000,8.129685e-15
730.000,8.162862e-15
731.000,8.196103e-15
732.000,8.229410e-15
733.000,8.262782e-15
734.000,8.296219e-15
735.000,8.329720e-15
736.000,8.363287e-15
737.000,8.396919e-15
738.000,8.430616e-15
739.000,8.464378e-15
740.000,8.498204e-15
741.000,8.532096e-15
742.000,8.566052e-15
743.000,8.600073e-15
744.000,8.634158e-15
745.000,8.668309e-15
746.000,8.702523e-15
747.000,8.736803e-15
748.000,8.771147e-15
749.000,8.805555e-15
750.000,8.840028e-15
751.000,8.874566e-15
752.000,8.909167e-15
753.000,8.943834e-15
754.000,8.978564e-15
755.000,9.013359e-15
756.000,9.048218e-15
757.000,9.083141e-15
758.000,9.118128e-15
759.000,9.153180e-15
760.000,9.188295e-15
761.000,9.223475e-15
762.000,9.258718e-15
763.000,9.294026e-15
764.000,9.329397e-15
765.000,9.364832e-15
766.000,9.400331e-15
767.000,9.435894e-15
768.000,9.471521e-15
769.000,9.507212e-15
770.000,9.542966e-15
771.000,9.578784e-15
772.000,9.614665e-15
773.000,9.650610e-15
774.000,9.686619e-15
775.000,9.722691e-15
776.000,9.758826e-15
777.000,9.795025e-15
778.000,9.831287e-15
779.000,9.867613e-15
780.000,9.904002e-15
781.000,9.940454e-15
782.000,9.976970e-15
783.000,1.001355e-14
784.000,1.005019e-14
785.000,1.008690e-14
786.000,1.012366e-14
787.000,1.016049e-14
788.000,1.019739e-14
789.000,1.023435e-14
790.000,1.027137e-14
791.000,1.030845e-14
792.000,1.034559e-14
793.000,1.038280e-14
794.000,1.042007e-14
795.000,1.045741e-14
796.000,1.049480e-14
797.000,1.053226e-14
798.000,1.056978e-14
799.000,1.060737e-14
800.000,1.064502e-14
